$ 1 0.000005 10.20027730826997 50 5 43 5e-11
L 48 80 48 48 0 1 false 5 0
L 112 80 112 48 0 1 false 5 0
L 176 80 176 48 0 1 false 5 0
w 48 80 80 80 0
I 80 96 80 128 0 0.5 5
w 80 80 80 96 0
w 48 80 48 224 0
w 112 80 144 80 0
I 144 80 144 144 0 0.5 5
w 112 80 112 224 0
w 176 80 208 80 0
w 176 80 176 224 0
I 208 80 208 144 0 0.5 5
w 80 128 80 144 0
150 352 272 448 272 0 2 0 5
w 80 224 80 256 0
w 80 256 352 256 0
w 176 224 176 288 0
w 208 288 352 288 0
w 80 144 80 224 0
w 144 144 144 224 0
w 208 144 208 224 0
152 512 320 608 320 0 3 5 5
w 112 224 112 320 0
w 448 320 112 320 0
150 352 368 432 368 0 2 5 5
w 48 224 48 352 0
w 352 352 48 352 0
w 176 288 176 384 0
w 176 384 352 384 0
w 432 368 480 368 0
w 208 224 208 288 0
w 448 320 512 320 0
w 448 272 512 272 0
w 512 272 512 304 0
w 480 368 512 368 0
w 512 368 512 336 0
150 352 496 432 496 0 2 0 5
150 352 624 432 624 0 2 5 5
152 512 560 640 560 0 3 5 5
w 144 224 144 480 0
w 352 480 144 480 0
w 208 288 208 512 0
w 208 512 352 512 0
w 80 256 80 560 0
w 512 560 80 560 0
w 352 608 112 608 0
w 112 320 112 608 0
w 176 384 176 640 0
w 352 640 176 640 0
w 432 496 512 496 0
w 512 496 512 544 0
w 512 576 512 624 0
w 432 624 512 624 0
152 512 768 640 768 0 3 5 5
w 144 480 144 752 0
w 512 752 144 752 0
w 176 640 176 784 0
w 176 784 512 784 0
w 48 352 48 768 0
w 512 768 48 768 0
152 512 976 640 976 0 4 0 5
150 352 848 432 848 0 3 0 5
150 352 944 432 944 0 2 0 5
150 352 1040 432 1040 0 2 0 5
150 352 1136 432 1136 0 2 0 5
w 48 768 48 832 0
w 352 832 48 832 0
w 144 752 144 848 0
w 352 848 144 848 0
w 176 784 176 864 0
w 176 864 352 864 0
w 432 848 512 848 0
w 512 848 512 944 0
w 80 560 80 928 0
w 352 928 80 928 0
w 208 512 208 960 0
w 352 960 208 960 0
w 432 944 432 960 0
w 432 960 512 960 0
w 80 928 80 1008 0
w 352 1024 80 1024 0
w 80 1008 80 1024 0
w 112 608 112 1056 0
w 352 1056 112 1056 0
w 112 1056 112 1120 0
w 112 1120 352 1120 0
w 208 960 208 1152 0
w 208 1152 352 1152 0
w 432 1040 432 992 0
w 432 992 512 992 0
w 432 1136 512 1136 0
w 512 1008 512 1136 0
150 352 1312 432 1312 0 2 0 5
150 352 1424 432 1424 0 2 0 5
152 528 1360 656 1360 0 2 0 5
w 80 1024 80 1296 0
w 80 1296 352 1296 0
w 208 1152 208 1328 0
w 208 1328 352 1328 0
w 432 1312 512 1312 0
w 528 1312 528 1344 0
w 512 1312 528 1312 0
w 112 1120 112 1408 0
w 112 1408 352 1408 0
w 208 1328 208 1440 0
w 208 1440 352 1440 0
w 432 1424 528 1424 0
w 528 1424 528 1376 0
152 544 1600 672 1600 0 2 5 5
150 352 1664 432 1664 0 2 0 5
w 48 832 48 1584 0
w 544 1584 48 1584 0
w 544 1616 432 1616 0
w 432 1616 432 1664 0
w 144 848 144 1632 0
w 352 1648 144 1648 0
w 144 1648 144 1632 0
w 208 1440 208 1680 0
w 208 1680 352 1680 0
150 352 1824 432 1824 0 2 0 5
150 352 1952 432 1952 0 2 0 5
150 352 2064 432 2064 0 2 0 5
152 544 1952 672 1952 0 3 0 5
w 48 1584 48 1808 0
w 352 1808 48 1808 0
w 144 1648 144 1840 0
w 144 1840 352 1840 0
w 432 1824 528 1824 0
w 544 1824 544 1936 0
w 528 1824 544 1824 0
w 432 1952 544 1952 0
w 432 2064 544 2064 0
w 544 2064 544 1968 0
w 80 1296 80 1920 0
w 352 1936 80 1936 0
w 80 1936 80 1920 0
w 112 1408 112 1968 0
w 112 1968 352 1968 0
w 112 1968 112 2048 0
w 112 2048 352 2048 0
w 208 1680 208 2080 0
w 208 2080 352 2080 0
157 1024 640 1184 640 0 7 0 0
w 608 320 1024 320 0
w 1024 640 1024 320 0
w 640 560 944 560 0
w 944 560 944 672 0
w 944 672 1024 672 0
w 640 768 640 704 0
w 1024 704 640 704 0
w 640 976 1024 976 0
w 1024 736 1024 976 0
w 656 1360 1056 1360 0
w 1088 768 1088 1360 0
w 1056 1360 1088 1360 0
w 672 1600 1120 1600 0
w 1120 1600 1120 768 0
w 672 1952 1152 1952 0
w 1152 768 1152 1952 0
