$ 1 0.000005 10.20027730826997 50 5 50 5e-11
150 176 80 304 80 0 2 5 5
150 304 144 432 144 0 2 0 5
150 176 224 304 224 0 2 0 5
150 304 304 432 304 0 2 0 5
150 176 416 304 416 0 2 0 5
150 304 496 448 496 0 2 0 5
150 160 592 304 592 0 2 0 5
150 304 656 480 656 0 2 0 5
152 624 240 832 240 0 2 0 5
152 624 576 832 576 0 2 0 5
152 832 352 944 352 0 2 0 5
w 304 80 304 128 0
w 432 144 432 224 0
w 432 304 432 256 0
w 304 416 304 480 0
w 448 496 624 496 0
w 832 576 832 368 0
w 832 240 832 336 0
M 944 352 992 352 0 2.5
L -160 32 -160 -96 0 0 false 5 0
L -48 32 -48 -96 0 0 false 5 0
L 64 32 64 -96 0 0 false 5 0
I 96 64 176 64 0 0.5 5
I 96 96 176 96 0 0.5 5
w 304 224 304 288 0
w 304 592 304 640 0
w 480 656 624 656 0
I 112 208 176 208 0 0.5 5
I 224 320 304 320 0 0.5 5
I 112 432 176 432 0 0.5 5
I 224 512 304 512 0 0.5 5
w 96 64 -160 64 0
w 96 96 -48 96 0
w 304 160 64 160 0
w 112 208 -160 208 0
w 176 240 -48 240 0
w 224 320 64 320 0
w 176 400 -160 400 0
w 112 432 -48 432 0
w 224 512 64 512 0
w 160 576 -160 576 0
w 160 608 -48 608 0
w 304 672 64 672 0
w -160 32 -160 64 0
w -160 64 -160 208 0
w -160 208 -160 400 0
w -160 400 -160 576 0
w -48 32 -48 96 0
w -48 96 -48 240 0
w -48 240 -48 432 0
w -48 432 -48 608 0
w 64 32 64 160 0
w 64 160 64 320 0
w 64 320 64 512 0
w 64 512 64 672 0
w 432 256 624 256 0
w 624 224 432 224 0
w 624 496 624 560 0
w 624 656 624 592 0
