$ 1 0.000005 10.20027730826997 50 5 50 5e-11
152 496 272 592 272 0 2 0 5
I 128 288 208 288 0 0.5 5
150 208 384 496 384 0 2 0 5
153 352 176 496 176 0 2 0 5
M 592 272 624 272 0 2.5
150 224 272 352 272 0 2 0 5
w 496 176 496 256 0
w 352 272 352 192 0
w 496 288 496 384 0
L 224 256 16 256 0 0 false 5 0
I 144 368 192 368 0 0.5 5
w 192 368 208 368 0
w 208 288 224 288 0
L 80 160 16 160 0 1 false 5 0
w 144 368 128 368 0
L 64 400 16 400 0 0 false 5 0
w 64 400 208 400 0
w 128 288 64 288 0
w 64 288 64 400 0
w 112 368 112 160 0
w 112 160 80 160 0
w 112 368 128 368 0
w 112 160 352 160 0
